每幅图像的标定误差：
第1幅图像的平均误差：0.0752945像素
第2幅图像的平均误差：0.0752945像素
第3幅图像的平均误差：0.0752945像素
第4幅图像的平均误差：0.0752945像素
第5幅图像的平均误差：0.0469529像素
第6幅图像的平均误差：0.0469529像素
第7幅图像的平均误差：0.0469529像素
总体平均误差：0.0631481像素

相机内参数矩阵：
[3029.156799991069, 0, 322.7023481760492;
 0, 1015.772450785576, 161.0538648296833;
 0, 0, 1]

畸变系数：
[0.02217240462370629, 5.21608207688397, -0.05147088028178523, -0.001082438373985743, 0.04374464073006165]


第1幅图像的旋转向量：
[1.744182051933877;
 1.401692740972494;
 1.038168339700201]
第1幅图像的旋转矩阵：
[0.1095533559929337, 0.4525531069225056, 0.8849823431037894;
 0.9784705158334036, -0.2057732564503005, -0.01590020674558323;
 0.1749100106780602, 0.8676710507701789, -0.4653530227901982]
第1幅图像的平移向量：
[5.062250640750562;
 -36.19300765020246;
 519.9909272897611]

第2幅图像的旋转向量：
[1.744182051933877;
 1.401692740972494;
 1.038168339700202]
第2幅图像的旋转矩阵：
[0.1095533559929336, 0.4525531069225058, 0.8849823431037894;
 0.9784705158334036, -0.2057732564503008, -0.01590020674558279;
 0.1749100106780607, 0.8676710507701788, -0.4653530227901983]
第2幅图像的平移向量：
[5.062250640750563;
 -36.19300765020247;
 519.9909272897612]

第3幅图像的旋转向量：
[1.744182051933877;
 1.401692740972494;
 1.038168339700201]
第3幅图像的旋转矩阵：
[0.1095533559929337, 0.4525531069225057, 0.8849823431037892;
 0.9784705158334035, -0.2057732564503005, -0.01590020674558335;
 0.17491001067806, 0.8676710507701788, -0.4653530227901983]
第3幅图像的平移向量：
[5.06225064075056;
 -36.19300765020246;
 519.9909272897611]

第4幅图像的旋转向量：
[1.744182051933877;
 1.401692740972494;
 1.038168339700201]
第4幅图像的旋转矩阵：
[0.1095533559929337, 0.4525531069225056, 0.8849823431037894;
 0.9784705158334036, -0.2057732564503005, -0.01590020674558323;
 0.1749100106780602, 0.8676710507701789, -0.4653530227901982]
第4幅图像的平移向量：
[5.062250640750563;
 -36.19300765020246;
 519.9909272897611]

第5幅图像的旋转向量：
[-1.558241756063804;
 -1.548334426663671;
 0.9301297436696844]
第5幅图像的旋转矩阵：
[0.009593960613008989, 0.4649161133769535, -0.8853027524198844;
 0.9999398197367038, 0.0002505825621725855, 0.01096786730898308;
 0.005320979673326565, -0.8853546999541182, -0.4648857305236084]
第5幅图像的平移向量：
[-14.41103958350771;
 -28.59757808662492;
 532.1563009360782]

第6幅图像的旋转向量：
[-1.558241756063803;
 -1.548334426663671;
 0.930129743669684]
第6幅图像的旋转矩阵：
[0.009593960613009211, 0.4649161133769535, -0.8853027524198845;
 0.9999398197367038, 0.0002505825621728075, 0.01096786730898341;
 0.005320979673326898, -0.8853546999541184, -0.4648857305236083]
第6幅图像的平移向量：
[-14.41103958350771;
 -28.59757808662492;
 532.1563009360782]

第7幅图像的旋转向量：
[-1.558241756063804;
 -1.548334426663671;
 0.9301297436696854]
第7幅图像的旋转矩阵：
[0.0095939606130091, 0.4649161133769537, -0.8853027524198848;
 0.999939819736704, 0.0002505825621722524, 0.01096786730898258;
 0.005320979673325676, -0.8853546999541185, -0.4648857305236082]
第7幅图像的平移向量：
[-14.41103958350772;
 -28.59757808662494;
 532.1563009360784]


